·3300 3003 30 30333300
Ᾱ333300 000 [42333033 3330003030 003 3003 33033033 0333 00 (03303 00300 003
03 3333300300 3300333 003 03333 33000 063030 0333 0303 3302300 00 333033330333
30 03303 3330003030 003 30 030033 003 3003 330303330 03 33 (3300 3003 30
3303330330000 00 000 33330300 00330000 3300 ·330033 03 [(30οΗ 3330003030
003 30 30300303 0333 3300 ·030300303 063030 003 Rq 333033330333 30 [(0οΛ3οΠ
3930033 30 330033 003 03 3303303 0033 330030 Ᾰ3300003 3300 0 30 33000 003,
’033003 00 Ᾱ3333Ι3333
303 3300 (333300 043030 0333 0303 3302300 00 (00003303 030 303 0303030333
3300 έο003οᾶ 303330 Ᾱο0 Rq 00333 300303 0303333333 Aq 3303330 0033. 33 3003
3303303300 03 33 (03030 003 00 303 00 3303030033 0033 ,303300 003 00330000
3300 ·330033 003 30 30333300 33000 [(1003 Ᾱο0 33000330033Ῑ3 3300 3300003·
-03330 30300 0300003303 33333330003300 33303 puV ’03030 003 00 303
00 33033330033 303300 000 3300 33 3300 ·Ᾱο000 333 033000 0003 0303333333
00300 003 30 03003 003 0333333οΕ3 003033 30 (00330331033333 30 0303333333
30 333300 003 03 3303300033 33330 33003) 3303303 0033 3300 0303300 V
000οᾶ 03030 03330331 30300 Κο3ορ00οσ
0033330333 (0033000033 30 0300 30333 3033300 033 30030033 Ᾱ3333Ῑο333 003
30 3333Ῑ) 00 303303 00 30333 0333333300 Ᾰ3330333 Aq 0033 033030 00 033303330330
·0300000 30 30033-333333 030300 3000 ,Ᾰο3300333 0333 00 33003300 3ο 000331
0333 30 033003 00 03 0033330303 303 30003030οΟΗ 30 00033εἶ 03 3000 03 00
3300 ·Ᾰο0 0330003333 0303300 0 03033 00330030333 30 0300 3003 33333300
00 3003 οᾸ00 3300 00033003ι 003 030300 000300 3330330333 3300τ 33000030ἶο0
3300 300030300οΗ 03 00003 0033 00 3303,γ ’0300 3003 3303303 00 3003 (0300
3303330033) 00300 003 00 (3300003000 00 030033 03 (3303339 303033 30 0003
003 Ᾰο3330οθ Κο (00330 0 30 33300 00033 000 3333343300 (033333) 30 03οᾰ 003
03 00003 00333 0033033 30 03333300οΗ 033 0303333333 30 000 003 3330330333
·3000303030
030 303 3003033303 030300 Rosam 03 33000330 0333ςῖ 33Κο333Ή 3330330333
’03003 03 3303003300 03033 0030333 00000 0333 300 3300 Ᾱο03 00330000 Romam
03 030 (03030333οΛ 003 (0033303003 30 0303333333 33330 03033 30 3300033
·300033000
-ffld 00303 0 303 limem 03 03 0030οΛ3 30 οεἶ3033 30 000 003 0303333333
·300303 003 033303330 3303333 0030 303
3300 5 3333Ι) 03 00 3003 33033330ρο 03 33 330ορ Ᾰ33000 03 00 3003 00 (0003.3(ἷ
03 00333 3003 0 303 Ᾰο3 303033 00330000 3300 ’0003 0030030 30 30330 A& 3ο
03030330 0333 00300 030000 30 00003 03οΛ3 003300 030 03 3303303 00000 3300
0300 003 3003 0003333333 030300303 3300 03030333οΑ 003 puV ·30303Κ3οΑ0
003003) 3300 00033003 003 030300 000300 00033, 303033 3330003030 003,
’000330 30330330 0033 00 033033 οι<033 000330 303 003300 030 03
3303033000 03033 03033 030 3003 330Ᾱο0 (0330 030033οΜ 3300 000300 30330333

Tr (5051 ’ffv ‘Halm HUHISNOMNVHAEHON

